>> t = linspace(0, 6*pi, 50)
t =

 Columns 1 through 13:

         0    0.3847    0.7694    1.1541    1.5387    1.9234    2.3081    2.6928    3.0775    3.4622    3.8468    4.2315    4.6162

 Columns 14 through 26:

    5.0009    5.3856    5.7703    6.1550    6.5396    6.9243    7.3090    7.6937    8.0784    8.4631    8.8478    9.2324    9.6171

 Columns 27 through 39:

   10.0018   10.3865   10.7712   11.1559   11.5405   11.9252   12.3099   12.6946   13.0793   13.4640   13.8487   14.2333   14.6180

 Columns 40 through 50:

   15.0027   15.3874   15.7721   16.1568   16.5414   16.9261   17.3108   17.6955   18.0802   18.4649   18.8496

>> r = 2
r = 2
>> x = r*(t-sin(t))
x =

 Columns 1 through 13:

         0    0.0188    0.1474    0.4793    1.0785    1.9699    3.1357    4.5178    6.0268    7.5545    8.9902   10.2363   11.2232

 Columns 14 through 26:

   11.9191   12.3348   12.5220   12.5657   12.5720   12.6524   12.9077   13.4130   14.2069   15.2858   16.6044   18.0826   19.6166

 Columns 27 through 39:

   21.0947   22.4133   23.4922   24.2861   24.7914   25.0467   25.1271   25.1334   25.1771   25.3643   25.7800   26.4759   27.4628

 Columns 40 through 50:

   28.7090   30.1446   31.6723   33.1813   34.5635   35.7292   36.6206   37.2198   37.5517   37.6803   37.6991

>> y = r*(1-cos(t))
y =

 Columns 1 through 14:

        0   0.1462   0.5633   1.1904   1.9359   2.6907   3.3446   3.8019   3.9959   3.8981   3.5229   2.9251   2.1920   1.4309

 Columns 15 through 28:

   0.7530   0.2574   0.0164   0.0654   0.3972   0.9632   1.6808   2.4450   3.1442   3.6762   3.9631   3.9631   3.6762   3.1442

 Columns 29 through 42:

   2.4450   1.6808   0.9632   0.3972   0.0654   0.0164   0.2574   0.7530   1.4309   2.1920   2.9251   3.5229   3.8981   3.9959

 Columns 43 through 50:

   3.8019   3.3446   2.6907   1.9359   1.1904   0.5633   0.1462        0

>> plot(x,y)
>> Ñ„Ñ‡axis('equal')
error: parse error:

  invalid character 'Ñ' (ASCII 209)

>>> Ñ„Ñ‡axis('equal')
    ^
>> Ñ„axis('equal')
error: parse error:

  invalid character 'Ñ' (ASCII 209)

>>> Ñ„axis('equal')
    ^
>> 
>> axis('equal')
>> axis([0 12*pi 0 4])
>> savefig cycloid.pdf
>> print -dpdf cycloid.pdf
>> print -dpng cycloid.png
>> theta = linspace(0, 2*pi, 100)
theta =

 Columns 1 through 14:

        0   0.0635   0.1269   0.1904   0.2539   0.3173   0.3808   0.4443   0.5077   0.5712   0.6347   0.6981   0.7616   0.8251

 Columns 15 through 28:

   0.8885   0.9520   1.0155   1.0789   1.1424   1.2059   1.2693   1.3328   1.3963   1.4597   1.5232   1.5867   1.6501   1.7136

 Columns 29 through 42:

   1.7771   1.8405   1.9040   1.9675   2.0309   2.0944   2.1579   2.2213   2.2848   2.3483   2.4117   2.4752   2.5387   2.6021

 Columns 43 through 56:

   2.6656   2.7291   2.7925   2.8560   2.9195   2.9829   3.0464   3.1099   3.1733   3.2368   3.3003   3.3637   3.4272   3.4907

 Columns 57 through 70:

   3.5541   3.6176   3.6811   3.7445   3.8080   3.8715   3.9349   3.9984   4.0619   4.1253   4.1888   4.2523   4.3157   4.3792

 Columns 71 through 84:

   4.4427   4.5061   4.5696   4.6331   4.6965   4.7600   4.8235   4.8869   4.9504   5.0139   5.0773   5.1408   5.2043   5.2677

 Columns 85 through 98:

   5.3312   5.3947   5.4581   5.5216   5.5851   5.6485   5.7120   5.7755   5.8389   5.9024   5.9659   6.0293   6.0928   6.1563

 Columns 99 and 100:

   6.2197   6.2832

>> r = 1-2*sin(theta)
r =

 Columns 1 through 12:

   1.000000   0.873152   0.746815   0.621498   0.497704   0.375933   0.256675   0.140410   0.027607  -0.081282  -0.185816  -0.285575

 Columns 13 through 24:

  -0.380158  -0.469183  -0.552293  -0.629152  -0.699451  -0.762907  -0.819264  -0.868296  -0.909804  -0.943623  -0.969616  -0.987677

 Columns 25 through 36:

  -0.997735  -0.999748  -0.993710  -0.979643  -0.957605  -0.927684  -0.890002  -0.844709  -0.791988  -0.732051  -0.665140  -0.591524

 Columns 37 through 48:

  -0.511499  -0.425388  -0.333538  -0.236318  -0.134120  -0.027355   0.083547   0.198139   0.315960   0.436535   0.559379   0.683997

 Columns 49 through 60:

   0.809888   0.936544   1.063456   1.190112   1.316003   1.440621   1.563465   1.684040   1.801861   1.916453   2.027355   2.134120

 Columns 61 through 72:

   2.236318   2.333538   2.425388   2.511499   2.591524   2.665140   2.732051   2.791988   2.844709   2.890002   2.927684   2.957605

 Columns 73 through 84:

   2.979643   2.993710   2.999748   2.997735   2.987677   2.969616   2.943623   2.909804   2.868296   2.819264   2.762907   2.699451

 Columns 85 through 96:

   2.629152   2.552293   2.469183   2.380158   2.285575   2.185816   2.081282   1.972393   1.859590   1.743325   1.624067   1.502296

 Columns 97 through 100:

   1.378502   1.253185   1.126848   1.000000

>> x = r.*cos(theta)
x =

 Columns 1 through 12:

   1.000000   0.871394   0.740807   0.610266   0.481752   0.357163   0.238289   0.126780   0.024124  -0.068378  -0.149632  -0.218763

 Columns 13 through 24:

  -0.275133  -0.318345  -0.348250  -0.364944  -0.368768  -0.360299  -0.340335  -0.309883  -0.270139  -0.222468  -0.168372  -0.109472

 Columns 25 through 36:

  -0.047474   0.015862   0.078751   0.139418   0.196124   0.247204   0.291091   0.326349   0.351695   0.366025   0.368434   0.358232

 Columns 37 through 48:

   0.334961   0.298399   0.248574   0.185758   0.110471   0.023470  -0.074259  -0.181517  -0.296905  -0.418852  -0.545635  -0.675405

 Columns 49 through 60:

  -0.806221  -0.936073  -1.062920  -1.184723  -1.299472  -1.405225  -1.500134  -1.582480  -1.650700  -1.703411  -1.739437  -1.757824

 Columns 61 through 72:

  -1.757865  -1.739103  -1.701349  -1.644682  -1.569452  -1.476274  -1.366025  -1.239828  -1.099039  -0.945227  -0.780151  -0.605737

 Columns 73 through 84:

  -0.424047  -0.237251  -0.047594   0.142638   0.331149   0.515668   0.693985   0.863980   1.023655   1.171165   1.304841   1.423219

 Columns 85 through 96:

   1.525058   1.609355   1.675364   1.722601   1.750852   1.760172   1.750886   1.723575   1.679073   1.618447   1.542979   1.454145

 Columns 97 through 100:

   1.353591   1.243103   1.124579   1.000000

>> y = r.*sin(theta)
y =

 Columns 1 through 14:

        0   0.0554   0.0945   0.1176   0.1250   0.1173   0.0954   0.0603   0.0134  -0.0439  -0.1102  -0.1836  -0.2623  -0.3447

 Columns 15 through 28:

  -0.4287  -0.5125  -0.5943  -0.6725  -0.7452  -0.8111  -0.8688  -0.9170  -0.9549  -0.9816  -0.9966  -0.9996  -0.9906  -0.9697

 Columns 29 through 42:

  -0.9373  -0.8941  -0.8411  -0.7791  -0.7096  -0.6340  -0.5538  -0.4707  -0.3866  -0.3032  -0.2224  -0.1461  -0.0761  -0.0141

 Columns 43 through 56:

   0.0383   0.0794   0.1081   0.1230   0.1232   0.1081   0.0770   0.0297  -0.0337  -0.1131  -0.2079  -0.3174  -0.4405  -0.5760

 Columns 57 through 70:

  -0.7224  -0.8782  -1.0414  -1.2102  -1.3824  -1.5559  -1.7286  -1.8981  -2.0622  -2.2189  -2.3660  -2.5016  -2.6238  -2.7311

 Columns 71 through 84:

  -2.8218  -2.8949  -2.9493  -2.9843  -2.9994  -2.9943  -2.9693  -2.9245  -2.8606  -2.7786  -2.6794  -2.5645  -2.4354  -2.2938

 Columns 85 through 98:

  -2.1416  -1.9810  -1.8138  -1.6425  -1.4691  -1.2960  -1.1252  -0.9590  -0.7992  -0.6479  -0.5068  -0.3773  -0.2609  -0.1586

 Columns 99 and 100:

  -0.0715  -0.0000

>> plot(x,y)
>> print -dpdf limacon-polar.pdf
>> print -dpng limacon-polar.png
>> theta = linspace(0, 2*pi, 50)
theta =

 Columns 1 through 14:

        0   0.1282   0.2565   0.3847   0.5129   0.6411   0.7694   0.8976   1.0258   1.1541   1.2823   1.4105   1.5387   1.6670

 Columns 15 through 28:

   1.7952   1.9234   2.0517   2.1799   2.3081   2.4363   2.5646   2.6928   2.8210   2.9493   3.0775   3.2057   3.3339   3.4622

 Columns 29 through 42:

   3.5904   3.7186   3.8468   3.9751   4.1033   4.2315   4.3598   4.4880   4.6162   4.7444   4.8727   5.0009   5.1291   5.2574

 Columns 43 through 50:

   5.3856   5.5138   5.6420   5.7703   5.8985   6.0267   6.1550   6.2832

>> r = 1-2*sin(theta)
r =

